,Atypical_Bm_ITGAX,Bn_IFIT3,Bn_IL6,Bn_TCL1A,CD4_CTL_GZMH,CD4_Tcm_CXCR5,CD4_Tcm_IFI44L,CD4_Tem_CCR7neg,CD4_Tfh-like_CXCR5,CD4_Th1-like_GZMK,CD4_Th17-like_RORC,CD4_Th22-like_CCR10,CD4_Th_CCR4,CD4_Th_CR1,CD4_Th_LMNA,CD4_Th_TNFRSF11A,CD4_Tn_CCR7,CD4_Tn_CXCR5,CD4_Tn_LIMS1,CD4_Tn_SOX4,CD4_Tr1_IL10,CD4_Treg_FCRL3,CD4_Treg_FOXP3,CD8_CTL_GZMB,CD8_CTL_GZMK,CD8_CTL_IFI44L,CD8_Tcm_IFI44L,CD8_Tem_CCR7neg,CD8_Tn_CCR7,CD8_Tn_SOX4,DC1_CLEC9A,DC2_CD1C,DC_CSF2RA,HSPC_CD34,ILC2_IL2RA,Immature_T_CABP4,MAIT_SLC4A10,MK_GP9,Mature_NK_dim_FCGR3A,NKT_IFNG,NKT_NCR1,NK_bright_XCL1,Plasma_IGHA1,Plasma_IGHG1,Plasmablast_MKI67,Proliferative_NK_MKI67,Proliferative_T_MKI67,Switched_Bm_IGHDneg,Switched_Bm_IGHE,Switched_activated_Bm_CD86,Terminal_NK_dim_CD160neg,Transitional_B_MME,Transitional_NK_GZMK,Unswitched_Bm_CD1C,Unswitched_Bm_IL6,cMono_CD14,cMono_CXCL10,cMono_IFI44L,cMono_IL1B,gdT1_TRDV1,gdT2_GZMH,gdT2_GZMK,gdT2_IL12RB2,intMono_GFRA2,ncMono_C1QA,ncMono_FCGR3A,ncMono_IFIT1,pDC_IRF4,pre-Switched_Bm_JAM3
Atypical_Bm_ITGAX,1.0,0.91103278482126,0.9082347100226,0.922303461898519,0.843009550477209,0.842042173163844,0.852550852231823,0.843871196720404,0.845327890624477,0.856330722501327,0.850579681121739,0.860983880752777,0.859490077099999,0.859131040521524,0.848211310148909,0.851704432780863,0.838846175253001,0.845065967235676,0.852728611558558,0.852305403334726,0.838450869548923,0.835780026704183,0.843968622677613,0.832722925880978,0.855640070349889,0.854501570831973,0.849184668474445,0.844942510170666,0.837516866552294,0.853834795611119,0.79644693199577,0.825760266198016,0.841832927889133,0.817667512323721,0.86582937133126,0.819179307271528,0.839062418176018,0.528072792966114,0.824511891682078,0.841048623438395,0.82535770832045,0.860794680728783,0.834946221158394,0.832275230601651,0.721886001342465,0.811872865597854,0.804561096995682,0.932928388746421,0.929357544041426,0.927595794607778,0.824793018683367,0.92371482916463,0.851775410947466,0.941281225602403,0.928429073680341,0.821935760867591,0.796431144149075,0.801929364584786,0.797049397401897,0.843010418408155,0.844570355294349,0.86190183807628,0.846464779407524,0.794224536967785,0.821942593046995,0.824159372697714,0.800109502470111,0.816698795498957,0.945810612061294
Bn_IFIT3,0.91103278482126,1.0,0.944462295724109,0.929321388045531,0.818812513461155,0.761025005200917,0.819628882151545,0.767125321640303,0.77571825162653,0.804968335196436,0.783904342327015,0.860411248692463,0.829073169074047,0.864757792445351,0.79668482545198,0.802783578308149,0.738890388250699,0.807201771805435,0.795855775196264,0.758770095959369,0.866174084869589,0.786673205418049,0.788196772512406,0.776481586617385,0.794008923337145,0.833992798160738,0.78548394459365,0.785570241454691,0.758490267422277,0.789437868664244,0.79342106430272,0.790621776265913,0.802116339955092,0.806660602424897,0.83529231921138,0.818606917760608,0.774626479404781,0.721547835726549,0.767961220149757,0.807986178722261,0.785598775838906,0.860621316375288,0.828476611384538,0.821774914154087,0.695268276166554,0.809036971279945,0.763189025730425,0.913245955459369,0.910420628964432,0.893651861082745,0.798776863889674,0.929874662684524,0.798274657331144,0.926032432183568,0.918479313474494,0.756393502885714,0.770293897038619,0.800860170561159,0.783084169614707,0.831385559798521,0.803377643574756,0.842180649621463,0.777632520260253,0.750439942807727,0.798586609716067,0.799190844545046,0.784900470758007,0.744198288936384,0.924072388906855
Bn_IL6,0.9082347100226,0.944462295724109,1.0,0.946769082092724,0.799405172371864,0.797001714859645,0.820454514798758,0.784450053516521,0.802604941040179,0.823192458722226,0.808108042024333,0.855469309254377,0.8280923150841,0.831505906936513,0.799399393330007,0.807292427256077,0.776910429493455,0.805146728179588,0.821603688879505,0.783539983323647,0.83839841504433,0.79905128888886,0.793331705433587,0.779481401471427,0.795255778961827,0.834168739212732,0.789398937331021,0.797217936615453,0.78810716978713,0.830859300791909,0.759993098360697,0.792983668496863,0.810814851127284,0.791821188784815,0.84723823265126,0.806720746597728,0.782897350665637,0.648316049366226,0.768487605592572,0.808689520969364,0.779606146399785,0.842440117303143,0.822758531712722,0.802399986437822,0.723447228507936,0.790329720743522,0.78283306483139,0.924005389079571,0.926815020089866,0.908866945908131,0.781374155016324,0.948135428344402,0.791304793135352,0.93162888356467,0.924782449584514,0.765598352352616,0.758453910364032,0.804023240673026,0.782980378114387,0.83171787577074,0.784591428381469,0.81136348374753,0.788681082071717,0.76317917132872,0.781618411351287,0.773017908774966,0.765309066149381,0.771661477394929,0.922041959913282
Bn_TCL1A,0.922303461898519,0.929321388045531,0.946769082092724,1.0,0.822735101259719,0.842053716576639,0.824953302434146,0.843814552915747,0.876865949814462,0.882836668109022,0.874034506607029,0.872738813038454,0.820734101431422,0.805091271181398,0.824203032182779,0.835604926661072,0.838313671670351,0.824100706460526,0.820024277490293,0.812248532632373,0.846670459706316,0.836548082741213,0.837400119447236,0.834578728906117,0.832057856321848,0.799854719811188,0.831121885466058,0.851588007079207,0.845363511976734,0.795484386105584,0.757560463801525,0.795274887030951,0.770509543115042,0.78733867139996,0.80060814744074,0.852829682877195,0.839604126308597,0.496110972040734,0.82668509406641,0.767942423738427,0.828444638748486,0.831123240673462,0.793811213158959,0.793899636575465,0.718671290928951,0.746927278002587,0.775306943374569,0.917412368606376,0.926596323673379,0.899808154926988,0.799665008091683,0.967411937530657,0.816896712494409,0.939716596451089,0.912488491248264,0.789581220447263,0.708300689357525,0.743095852214409,0.731331590975815,0.814831237639457,0.82381570397753,0.806074958361364,0.836712802456386,0.712450749888583,0.780525075910762,0.799673723352113,0.733114334451232,0.801578121734847,0.94149390513651
CD4_CTL_GZMH,0.843009550477209,0.818812513461155,0.799405172371864,0.822735101259719,1.0,0.907595554777396,0.898459736435457,0.922832643574317,0.919029512443919,0.94257178238192,0.928176976442234,0.93446920422411,0.909241697711394,0.858665818285784,0.921730721161756,0.92394477546609,0.888157679964969,0.899746914732469,0.88515481779224,0.876413165384764,0.881806366939294,0.894573211449115,0.916536999116945,0.962193189655541,0.950406845352179,0.932469331246012,0.904024188769793,0.956409821330659,0.889690215545043,0.87042014510346,0.778318802793657,0.824526340300496,0.802544468966984,0.748445106497879,0.86746029335133,0.84388217086232,0.94652332656498,0.623314818759455,0.931866165883775,0.952891257059376,0.953825846878247,0.901520621055771,0.80961570199204,0.80105428024229,0.720681252319554,0.909205442543776,0.918749220083367,0.857665693511041,0.846561306122477,0.854958974657354,0.922957901851797,0.8572986390959,0.930927784446273,0.856356133457261,0.816504422040563,0.832736398169807,0.770751621371477,0.799669189193105,0.791770412800945,0.872036874097075,0.962896403974396,0.94852755359178,0.958190971035062,0.775549900673286,0.81737040176239,0.830193967508148,0.759221793712596,0.808802704070546,0.837343952413735
CD4_Tcm_CXCR5,0.842042173163844,0.761025005200917,0.797001714859645,0.842053716576639,0.907595554777396,1.0,0.951493894554073,0.960450895007251,0.964690010729287,0.945536351521618,0.943142749387001,0.945054210883952,0.944108796200079,0.927071609711893,0.952741923074471,0.94846113479881,0.95476653576924,0.965534623682969,0.954027099624687,0.939592789833012,0.900660644452666,0.945013691971983,0.936556556250142,0.899829560782137,0.939534987449021,0.886183296855865,0.948106621823,0.938141326815834,0.953162608952457,0.906603099870393,0.78286423242608,0.827015968650141,0.78326260643661,0.809242168286211,0.864061513700166,0.886451445717812,0.927390605492416,0.584785017194325,0.876645179097757,0.853902746191159,0.889819947769842,0.884299474784453,0.811534589174915,0.804775236881911,0.739167974499477,0.827522309530068,0.873164230528069,0.878377456373552,0.866827736929397,0.875625079960097,0.862381042135424,0.868136131051476,0.887903422769145,0.873414653018964,0.839132536776623,0.841892490333084,0.733810309761902,0.792931292552417,0.772825823411473,0.91722249737355,0.913370812021352,0.907788463133322,0.933293388883414,0.751726210445462,0.808274581323494,0.809042553321976,0.74986485772638,0.826904412103178,0.854564090278727
CD4_Tcm_IFI44L,0.852550852231823,0.819628882151545,0.820454514798758,0.824953302434146,0.898459736435457,0.951493894554073,1.0,0.939247687014977,0.940137709736795,0.941204339871699,0.938658752807632,0.93998830683175,0.936952009720838,0.925997858756024,0.944580807892292,0.946774527424302,0.938343382447417,0.955544331172993,0.951444816237674,0.945801117209175,0.895913277739031,0.946438181311474,0.935488269475267,0.899396978812473,0.932400189560726,0.927180907294904,0.944814211868052,0.926903216598012,0.937076383015587,0.9423602573057,0.842749705441003,0.84796233009939,0.872885954895205,0.855975515838944,0.866332948446674,0.878746691864895,0.921726215115862,0.693789738481061,0.884654212507792,0.889289029934609,0.881383423265874,0.897938123509445,0.856595943152454,0.842063701983761,0.74058333033124,0.861782631044175,0.878627386559419,0.896362616083664,0.890629908132733,0.889449855336638,0.876196957537553,0.885586095798338,0.895698863584368,0.885379692148632,0.894886421502542,0.850681660739472,0.832412345667906,0.857704263304538,0.835764181496819,0.938670150406151,0.909763788816185,0.921756465641323,0.922837184042178,0.83477565369971,0.830244450351967,0.83197581896295,0.807042565349914,0.832459953557692,0.857390086507188
CD4_Tem_CCR7neg,0.843871196720404,0.767125321640303,0.784450053516521,0.843814552915747,0.922832643574317,0.960450895007251,0.939247687014977,1.0,0.96470870317856,0.961203283468575,0.959856699027939,0.950178056754832,0.94546954589769,0.90624496704293,0.956172724309737,0.948566063544424,0.951127245011342,0.951752690271539,0.939641060374351,0.926631607062219,0.900307477520274,0.929526585154859,0.936173624276073,0.921295372818089,0.948115084117604,0.888154116923174,0.938267215376326,0.948347321458065,0.94734298547911,0.898724189790226,0.764063657553128,0.834141068704418,0.819348403282268,0.78616683956858,0.864818696885449,0.884792599719815,0.940039523722243,0.567184752828208,0.888009175384962,0.89502240050792,0.906232638698695,0.885890700550768,0.810490348627224,0.826156798393005,0.734495956438695,0.833953398260775,0.881304048395103,0.87543106178402,0.865044488669635,0.879968674619604,0.886852818604272,0.861583053870086,0.895745129501931,0.87092047288265,0.822673038104502,0.847854046332149,0.763704044439824,0.79970186075676,0.781121587788895,0.898624574617176,0.922572102475286,0.918331745532177,0.937880792995396,0.769061443914061,0.813979898959468,0.819322867907562,0.73803378021382,0.823476731909764,0.854663375371953
CD4_Tfh-like_CXCR5,0.845327890624477,0.77571825162653,0.802604941040179,0.876865949814462,0.919029512443919,0.964690010729287,0.940137709736795,0.96470870317856,1.0,0.0,0.0,0.0,0.941881380459197,0.909371440661288,0.95123952261121,0.948245565754567,0.959632457746693,0.955327146013001,0.939408582857968,0.92900431451005,0.0,0.935585575286232,0.939389136493527,0.914105562093277,0.941250678551638,0.881986470012843,0.935669663160757,0.949661439764611,0.954885721037988,0.88794600132789,0.7640465057074,0.816681620671505,0.770824525794467,0.78249403853954,0.856817139852054,0.0,0.933589265796501,0.532020717868149,0.882443669552373,0.8736418374587,0.898083854718903,0.875459402525969,0.793252699367838,0.80006473378253,0.749946260575185,0.821087847358839,0.877987340612251,0.864743515226775,0.857320249802752,0.870245111954062,0.86753975416058,0.853919129685147,0.883873439973367,0.857255408326989,0.801953470698029,0.828505983394672,0.71553091034801,0.769372263877943,0.744978063993914,0.902953515947861,0.914077698977748,0.906771214008799,0.935724540706034,0.731557917481672,0.789237386445899,0.797553053640196,0.723724540524419,0.811479556409287,0.0
CD4_Th1-like_GZMK,0.856330722501327,0.804968335196436,0.823192458722226,0.882836668109022,0.94257178238192,0.945536351521618,0.941204339871699,0.961203283468575,0.0,1.0,0.0,0.0,0.941286650844939,0.920466077082618,0.956713317866914,0.950520650243476,0.941033970744552,0.943528470602653,0.928768156417764,0.917696745595917,0.0,0.92371857796517,0.929377506204086,0.929260074592006,0.960059030085745,0.905886124116653,0.936996840181644,0.956858219353612,0.942642331233812,0.893001564660261,0.757297351822348,0.835213759097414,0.795822686420612,0.80118652338774,0.864517091914357,0.0,0.954783872143788,0.574589524843453,0.902255320231502,0.898824111802154,0.918882668920625,0.897195925834243,0.818601543335685,0.821703894672061,0.720045278842504,0.864299899343628,0.880646086198925,0.873063406429924,0.861879042446736,0.880185997014038,0.884607264118517,0.865180059900082,0.911936952191178,0.870866099023292,0.823509586636592,0.840046269170954,0.758952735912953,0.792068347242079,0.776782452635084,0.894394308585944,0.935275351875022,0.936497841388089,0.955260887065575,0.76439138079107,0.806265574676762,0.807883307655506,0.75492003123617,0.820541875340394,0.0
CD4_Th17-like_RORC,0.850579681121739,0.783904342327015,0.808108042024333,0.874034506607029,0.928176976442234,0.943142749387001,0.938658752807632,0.959856699027939,0.0,0.0,1.0,0.0,0.941594729829518,0.895380521048104,0.96069556489977,0.952401196378393,0.93221870654296,0.93832491608756,0.931103125567763,0.91635602863079,0.0,0.922085793171367,0.929209347003513,0.914272298369668,0.94724264854192,0.90194391558645,0.932569930257539,0.941216105291759,0.934984312207517,0.890669921861099,0.798630406359498,0.842013440486716,0.793585531283072,0.811365289263428,0.876307302042407,0.0,0.950819841259822,0.587876786099636,0.89511262251264,0.881079176623831,0.911619993320446,0.891229228018233,0.815752209007273,0.821896496192348,0.736507293964448,0.846566774099186,0.880966777795747,0.872277415918472,0.865101327300667,0.875879775139303,0.877356719795346,0.859772746438095,0.902413761955235,0.861752125651361,0.824696197870529,0.83796054754531,0.751288795242733,0.79979066989584,0.774962893001281,0.896934231316526,0.926118461384429,0.925194364183056,0.946404726692688,0.76533991794306,0.815061393547148,0.817283298904576,0.748114320796152,0.825347736597319,0.0
CD4_Th22-like_CCR10,0.860983880752777,0.860411248692463,0.855469309254377,0.872738813038454,0.93446920422411,0.945054210883952,0.93998830683175,0.950178056754832,0.0,0.0,0.0,1.0,0.950611515817779,0.911184477398698,0.965200483658291,0.95942133909339,0.921250477561702,0.935388525264639,0.932510465483778,0.921431394215297,0.0,0.932880107709625,0.942285935457946,0.909908249195598,0.946340014697967,0.929217217074942,0.926395057861844,0.93525214762146,0.916917908050452,0.912060371746862,0.8079093684398,0.855330980738656,0.805273691707649,0.832137205138223,0.914477697147201,0.0,0.936581305689254,0.683989466720421,0.888756688937583,0.897826726203755,0.897478140252923,0.904704256401265,0.83689413452015,0.840767727434366,0.728938240493077,0.871344682882506,0.89553548843824,0.884314088264063,0.878577559326592,0.882077960724169,0.876163122410595,0.868847664785613,0.906816082219991,0.878016927978447,0.836555742612248,0.85076274251156,0.810573716977551,0.838487856494576,0.818088527225995,0.910348944373065,0.926491975803675,0.929925846835432,0.935374298862721,0.816138281270505,0.846890716206061,0.853362538809652,0.814142305203478,0.835464774728453,0.0
CD4_Th_CCR4,0.859490077099999,0.829073169074047,0.8280923150841,0.820734101431422,0.909241697711394,0.944108796200079,0.936952009720838,0.94546954589769,0.941881380459197,0.941286650844939,0.941594729829518,0.950611515817779,1.0,0.899826130905297,0.942625251177024,0.937833750435277,0.911450437604055,0.92893716788055,0.922779975330091,0.907764294207552,0.889221141533229,0.924990010749246,0.931685368564314,0.883819989461674,0.921908876788448,0.914920889231094,0.907130726146784,0.913875913555706,0.904519673236953,0.910557418795113,0.815187342343815,0.831764813765807,0.80688302531712,0.85488522374112,0.879230368506609,0.865110360536198,0.911981882215333,0.655325258983663,0.864778035222057,0.873040366982349,0.872365863937914,0.891106294817131,0.833201240331584,0.839480154237877,0.80719246237185,0.84583599525718,0.874979295434857,0.875024133861801,0.874170076109012,0.87877600862068,0.860003110711869,0.868338206155975,0.888308849637006,0.860460600002423,0.862920898801364,0.836637956450716,0.818868367409039,0.835469673228018,0.814214079592484,0.905863086663716,0.899408851437934,0.916300997121776,0.910424737115477,0.804092997119434,0.846799319779808,0.852613235896006,0.818056101989449,0.810212851746587,0.847287048136695
CD4_Th_CR1,0.859131040521524,0.864757792445351,0.831505906936513,0.805091271181398,0.858665818285784,0.927071609711893,0.925997858756024,0.90624496704293,0.909371440661288,0.920466077082618,0.895380521048104,0.911184477398698,0.899826130905297,1.0,0.720583291911169,0.725681820741361,0.731152691450725,0.748475230041033,0.751271071102391,0.738151850457987,0.878645733577186,0.743043043582879,0.715674445475037,0.706704772825482,0.721767227090717,0.779116702281731,0.724982075032102,0.723713961164534,0.725952897528882,0.788819627809723,0.638426825337899,0.659581828540059,0.737505645060952,0.629488689917327,0.721815205542708,0.816623090462189,0.711995825966678,0.587660202666071,0.699827878025741,0.770947974519436,0.704288562852609,0.714244430813272,0.657500012076136,0.65078196233105,0.658766118948148,0.714697076419945,0.648156423195386,0.699264370247265,0.706446378705509,0.687414422652692,0.697436786006562,0.69638217394966,0.677740383798423,0.702288417519061,0.740915141137629,0.699516817636163,0.679654605588592,0.716163593363585,0.697847705788285,0.727047492422521,0.690293297549095,0.734451936016674,0.728286581753828,0.696013215888948,0.6539385465401,0.676259218787999,0.634542923772854,0.63369985620235,0.85732172492128
CD4_Th_LMNA,0.848211310148909,0.79668482545198,0.799399393330007,0.824203032182779,0.921730721161756,0.952741923074471,0.944580807892292,0.956172724309737,0.95123952261121,0.956713317866914,0.96069556489977,0.965200483658291,0.942625251177024,0.720583291911169,1.0,0.970989694836395,0.93001373773665,0.951143947862187,0.944815277068659,0.928146371961412,0.900537389680871,0.944415200641276,0.944621431522317,0.913075664484163,0.949323438518625,0.897185227562142,0.937746786774465,0.938140582642762,0.928596890286848,0.91629171646428,0.817401259688421,0.850107483814275,0.801548017981075,0.832365170566534,0.86315374593985,0.868102861617702,0.943043601355203,0.654305303581578,0.894896761900476,0.915471648476503,0.900073509643366,0.908632990153997,0.849753326545502,0.846859088414619,0.77881112609562,0.866089544345501,0.891925841348947,0.891243032654945,0.890977504462304,0.89341133868735,0.883823518708955,0.879102012935763,0.908938679107466,0.890749866619682,0.87692412720847,0.841887023022048,0.795436052252118,0.824856689753384,0.80881878636684,0.91485610247625,0.926931331332261,0.937277460170033,0.935766398948112,0.801025627429992,0.828331408736616,0.836646106769369,0.786554982616375,0.832084130086522,0.848271886612589
CD4_Th_TNFRSF11A,0.851704432780863,0.802783578308149,0.807292427256077,0.835604926661072,0.92394477546609,0.94846113479881,0.946774527424302,0.948566063544424,0.948245565754567,0.950520650243476,0.952401196378393,0.95942133909339,0.937833750435277,0.725681820741361,0.970989694836395,1.0,0.936790999690312,0.951957742692089,0.944894035897937,0.933773580569771,0.897538709180343,0.931218502786673,0.932656156800956,0.90776836990565,0.951719250849855,0.882054895106215,0.941638283237504,0.938164555655024,0.936568025157558,0.916337016549116,0.799283403154105,0.839313805799308,0.795576876037421,0.823050811831256,0.906917540632506,0.869200137025793,0.938585084706995,0.621161906322897,0.886111181440423,0.906765107354834,0.904325471689237,0.911690855568107,0.824818492436604,0.840618405018937,0.741741423305635,0.857318881515656,0.886201914780805,0.889549598485513,0.888040081507079,0.891970450509247,0.88037010611395,0.883223655429476,0.910975582495941,0.888086947413732,0.838645127314987,0.840018758526228,0.764427034631234,0.805624667690475,0.783640993476213,0.90788993303471,0.930495980916902,0.929287054822716,0.946003075398766,0.779476118844827,0.819192701395881,0.813742424154687,0.751356821400077,0.822211095650059,0.861350827725379
CD4_Tn_CCR7,0.838846175253001,0.738890388250699,0.776910429493455,0.838313671670351,0.888157679964969,0.95476653576924,0.938343382447417,0.951127245011342,0.959632457746693,0.941033970744552,0.93221870654296,0.921250477561702,0.911450437604055,0.731152691450725,0.93001373773665,0.936790999690312,1.0,0.941733601477471,0.927227774607265,0.940358963390457,0.895158106381952,0.926534425319584,0.896124240978815,0.885156480788012,0.906211210633906,0.846104211088668,0.941852213767137,0.919952303709242,0.975479209035754,0.91018781268891,0.737398046505574,0.779387661006077,0.779932484708974,0.798460846462589,0.848190133108994,0.889837874355147,0.901187336458365,0.479908856276808,0.85322745071183,0.823939385077421,0.861541930373718,0.850888710099342,0.75876443155878,0.754587364768767,0.692732873976112,0.771231841843371,0.823621892307449,0.844877006943776,0.835438048408614,0.840285649878776,0.831947613133803,0.840898245424708,0.844819543902259,0.841131700434369,0.801222011386163,0.794840363897414,0.674792237616019,0.727759139148158,0.713011358980675,0.899734584210209,0.878278096089173,0.876739066435936,0.8992468087617,0.697946699143832,0.745909975023388,0.761056852605451,0.680493173870245,0.787554258838109,0.843478965335411
CD4_Tn_CXCR5,0.845065967235676,0.807201771805435,0.805146728179588,0.824100706460526,0.899746914732469,0.965534623682969,0.955544331172993,0.951752690271539,0.955327146013001,0.943528470602653,0.93832491608756,0.935388525264639,0.92893716788055,0.748475230041033,0.951143947862187,0.951957742692089,0.941733601477471,1.0,0.953916483551566,0.950060866605618,0.893681293365847,0.957746559082895,0.937755967382191,0.894945144227013,0.936805874849069,0.89058078527734,0.945819705308339,0.925290969745851,0.941642762161579,0.928661765899615,0.816737761622646,0.826070170539143,0.819444314791762,0.847727047596377,0.890276884252042,0.88991188906268,0.918962558153949,0.614053847550012,0.875697311654638,0.882647955488377,0.878321625492684,0.889758477630327,0.825970398771806,0.812265348813225,0.736077547323375,0.848007051398926,0.863706212684101,0.881434182676846,0.880197121035324,0.874307612470642,0.871062290532898,0.87057256115011,0.891921206860177,0.879736509811009,0.862866409596509,0.837793335088835,0.771843080473865,0.817281486823681,0.79592843111444,0.921426010369352,0.902178034011388,0.907683513270851,0.919181949947053,0.783735720084221,0.815196830636085,0.814115972800444,0.759254862067515,0.819762025403732,0.858456643526069
CD4_Tn_LIMS1,0.852728611558558,0.795855775196264,0.821603688879505,0.820024277490293,0.88515481779224,0.954027099624687,0.951444816237674,0.939641060374351,0.939408582857968,0.928768156417764,0.931103125567763,0.932510465483778,0.922779975330091,0.751271071102391,0.944815277068659,0.944894035897937,0.927227774607265,0.953916483551566,1.0,0.944032500391823,0.890411766967598,0.935694145945476,0.927939543584624,0.876315141772045,0.921076373113936,0.916291753173923,0.931132235031337,0.911383827775408,0.926561786348217,0.941772918771482,0.853220459461012,0.839206978807886,0.84379664985852,0.844040196205213,0.899409843901589,0.883596480302448,0.903166570518477,0.675142914647866,0.871936277012447,0.867770715841594,0.864381266029237,0.892534045618413,0.856394637263524,0.833982001749289,0.741277673116816,0.846824058403142,0.872393200280391,0.886782403635073,0.879956160837531,0.873185588288602,0.851837917568559,0.863596612453358,0.882287337008107,0.882908337025194,0.872134332925153,0.847313944270334,0.808965930295165,0.847464252634612,0.830573395916865,0.913772537066425,0.890666487422718,0.890197485568615,0.907403706379164,0.817382511260841,0.833570008113692,0.83309737492894,0.805191200139164,0.830079460570348,0.850840478324281
CD4_Tn_SOX4,0.852305403334726,0.758770095959369,0.783539983323647,0.812248532632373,0.876413165384764,0.939592789833012,0.945801117209175,0.926631607062219,0.92900431451005,0.917696745595917,0.91635602863079,0.921431394215297,0.907764294207552,0.738151850457987,0.928146371961412,0.933773580569771,0.940358963390457,0.950060866605618,0.944032500391823,1.0,0.890097847050295,0.943941621999857,0.921398772032118,0.877305906136077,0.922696032073956,0.890937002338176,0.944238651542251,0.910854357856216,0.943181572201732,0.952625510767764,0.831055232894911,0.826130157682379,0.841229806488399,0.847146364826458,0.923912372960787,0.877294892525692,0.902364375251949,0.65029484284395,0.86498289287992,0.85188204211841,0.863437083375764,0.889663408033249,0.838371415275797,0.853584705310771,0.726689439529476,0.827793967765526,0.857000619136651,0.877370624477692,0.881358740735055,0.868743589554424,0.861223979097332,0.872980689948266,0.882525864041439,0.884751186894224,0.866869226120885,0.824811060999153,0.798282612588079,0.810394597487968,0.79249852269034,0.924428457602016,0.896963092020767,0.896931486614086,0.905517202485096,0.795834234588529,0.804160074016549,0.816240470307266,0.782967506770525,0.831667079440001,0.842208784250934
CD4_Tr1_IL10,0.838450869548923,0.866174084869589,0.83839841504433,0.846670459706316,0.881806366939294,0.900660644452666,0.895913277739031,0.900307477520274,0.0,0.0,0.0,0.0,0.889221141533229,0.878645733577186,0.900537389680871,0.897538709180343,0.895158106381952,0.893681293365847,0.890411766967598,0.890097847050295,1.0,0.895861168700707,0.896255317348883,0.878451632784623,0.894790367423103,0.921611206018385,0.898358971932193,0.891394517618619,0.894367035627987,0.908463476121605,0.772543077058874,0.827685756083524,0.81677633993179,0.799961226953976,0.935040430924721,0.0,0.881046576317159,0.715583318702128,0.863890605660228,0.911479772303205,0.869127615836196,0.863654902280924,0.841715670807983,0.830759416415165,0.727636079983615,0.860454421319251,0.857129671292052,0.849491223636086,0.844483968612266,0.841529944329903,0.847520354290548,0.854813562930738,0.871382924703617,0.854317668613903,0.851841935095422,0.835027041027935,0.780642899339271,0.822379114173002,0.821698201117071,0.891474255699942,0.879571016418444,0.873533517321764,0.889977888577666,0.808311207731864,0.820133598927495,0.828729271792575,0.785010821912108,0.809571241352712,0.0
CD4_Treg_FCRL3,0.835780026704183,0.786673205418049,0.79905128888886,0.836548082741213,0.894573211449115,0.945013691971983,0.946438181311474,0.929526585154859,0.935585575286232,0.92371857796517,0.922085793171367,0.932880107709625,0.924990010749246,0.743043043582879,0.944415200641276,0.931218502786673,0.926534425319584,0.957746559082895,0.935694145945476,0.943941621999857,0.895861168700707,1.0,0.93863903478277,0.888105953944842,0.938133085960841,0.887972512617115,0.948390587161419,0.923997227216732,0.946350659316687,0.932077485040204,0.817891722296136,0.827805487019978,0.822570791757006,0.843247481015969,0.862523097481332,0.885209176027519,0.914114556620037,0.600093576124677,0.877180751411287,0.874911726316984,0.889932085630537,0.901071177288466,0.82591290717704,0.817786247763475,0.734265656751901,0.825667092747859,0.867218724730106,0.886610748672025,0.883749942470894,0.882261687120196,0.871627362044986,0.8756467751565,0.893771737957407,0.880668005936814,0.859766945116739,0.830211281789359,0.737597279536214,0.789414002727384,0.779010651076111,0.925071624490207,0.907986056249345,0.906632494895637,0.926909477587344,0.767445186926483,0.7980278628287,0.79452484258894,0.732493732936144,0.836445128668078,0.858975319274712
CD4_Treg_FOXP3,0.843968622677613,0.788196772512406,0.793331705433587,0.837400119447236,0.916536999116945,0.936556556250142,0.935488269475267,0.936173624276073,0.939389136493527,0.929377506204086,0.929209347003513,0.942285935457946,0.931685368564314,0.715674445475037,0.944621431522317,0.932656156800956,0.896124240978815,0.937755967382191,0.927939543584624,0.921398772032118,0.896255317348883,0.93863903478277,1.0,0.901701374033103,0.937594481544682,0.891712166507331,0.930469871784352,0.931134131323767,0.924807875696259,0.899207584782227,0.795073533457162,0.830906393814794,0.82805177122657,0.829545760900381,0.849997487847274,0.87355324421219,0.920906175871648,0.643046840137242,0.880926360080473,0.883364784654553,0.899544823384477,0.882702053854964,0.833952071030647,0.837865447193292,0.747586880610418,0.839490385266056,0.886104807339077,0.878506406087214,0.877770347841239,0.889073686747949,0.873629651292922,0.86869251729482,0.894631152735361,0.877512465736791,0.850874016372945,0.8449314561078,0.797385089860594,0.814142381177516,0.803292455368959,0.89294570175195,0.919733336986913,0.911845726575114,0.927111992735163,0.786386410464118,0.819038052115245,0.822739532558963,0.769434621544928,0.831193772042509,0.849708624190478
CD8_CTL_GZMB,0.832722925880978,0.776481586617385,0.779481401471427,0.834578728906117,0.962193189655541,0.899829560782137,0.899396978812473,0.921295372818089,0.914105562093277,0.929260074592006,0.914272298369668,0.909908249195598,0.883819989461674,0.706704772825482,0.913075664484163,0.90776836990565,0.885156480788012,0.894945144227013,0.876315141772045,0.877305906136077,0.878451632784623,0.888105953944842,0.901701374033103,1.0,0.933249998236967,0.903094783763077,0.890897062619437,0.956618394298422,0.892039615505035,0.830976390443018,0.696011865009335,0.811036075767686,0.780302868650424,0.731008224206724,0.797889469988751,0.853388842139499,0.933859076765461,0.513188179322968,0.937480465033459,0.934425267284444,0.964502702984168,0.886209529922175,0.795132973974211,0.788708803576691,0.711000856675178,0.868676318256197,0.893797679629991,0.844257392733764,0.829388996942045,0.846740389467888,0.935802552690173,0.8347983494329,0.920782188139562,0.834922654184823,0.741605131726729,0.825060969324294,0.705799447041105,0.767299971829951,0.750108971241781,0.850656859647719,0.96207921667319,0.9302159714478,0.953772358404243,0.735801293836437,0.794290804398506,0.801844932121842,0.72017647253583,0.790184094591117,0.82855570532896
CD8_CTL_GZMK,0.855640070349889,0.794008923337145,0.795255778961827,0.832057856321848,0.950406845352179,0.939534987449021,0.932400189560726,0.948115084117604,0.941250678551638,0.960059030085745,0.94724264854192,0.946340014697967,0.921908876788448,0.721767227090717,0.949323438518625,0.951719250849855,0.906211210633906,0.936805874849069,0.921076373113936,0.922696032073956,0.894790367423103,0.938133085960841,0.937594481544682,0.933249998236967,1.0,0.938389556377885,0.93468229837603,0.96223649450575,0.913485783123222,0.909357912742292,0.80350817210385,0.834882552718764,0.790733662225934,0.789478002526618,0.864802546180862,0.881080314089495,0.954775718850878,0.634475390329709,0.914739232613,0.929674015823743,0.929846341598373,0.90453175454543,0.841091389069737,0.843148414645125,0.767157089074248,0.880529250999315,0.897359177111734,0.885381251558412,0.873504374407267,0.881955478989926,0.908250193922112,0.874372750386552,0.927691776470949,0.880589764869678,0.841748630003675,0.841936159872492,0.775205661160789,0.816013676420501,0.796962865891608,0.906769146243345,0.942208536489894,0.944550084009447,0.956998017070318,0.781441650561835,0.819112887896052,0.822523819293237,0.760347726804243,0.828523543478777,0.851188429544777
CD8_CTL_IFI44L,0.854501570831973,0.833992798160738,0.834168739212732,0.799854719811188,0.932469331246012,0.886183296855865,0.927180907294904,0.888154116923174,0.881986470012843,0.905886124116653,0.90194391558645,0.929217217074942,0.914920889231094,0.779116702281731,0.897185227562142,0.882054895106215,0.846104211088668,0.89058078527734,0.916291753173923,0.890937002338176,0.921611206018385,0.887972512617115,0.891712166507331,0.903094783763077,0.938389556377885,1.0,0.830584609867021,0.859355991005303,0.845462698761424,0.816973006827999,0.807589490564566,0.828202889297408,0.83306812329524,0.813798919661319,0.897508197132532,0.825578806361792,0.855491978981144,0.750601894030731,0.841397005709524,0.842105536620468,0.850306181906965,0.843069153045164,0.806155821204794,0.817479785589806,0.699665372363282,0.827304402590201,0.846327748475172,0.815599142149422,0.810349604253892,0.824152060645121,0.826269862961816,0.831587509793462,0.846457847654094,0.816811915555853,0.824086660033368,0.808737244721857,0.804247866304662,0.822855664968744,0.80081425667077,0.848955447300471,0.853073641159939,0.861350867639709,0.865852900375623,0.792804381442269,0.82478380381166,0.826505546194273,0.793198933858264,0.748715380891953,0.842327549642534
CD8_Tcm_IFI44L,0.849184668474445,0.78548394459365,0.789398937331021,0.831121885466058,0.904024188769793,0.948106621823,0.944814211868052,0.938267215376326,0.935669663160757,0.936996840181644,0.932569930257539,0.926395057861844,0.907130726146784,0.724982075032102,0.937746786774465,0.941638283237504,0.941852213767137,0.945819705308339,0.931132235031337,0.944238651542251,0.898358971932193,0.948390587161419,0.930469871784352,0.890897062619437,0.93468229837603,0.830584609867021,1.0,0.942744779866168,0.965195153075764,0.946493029964687,0.81112922501561,0.855983105880267,0.843389997233518,0.848187582636339,0.894247306025583,0.892279252178885,0.934776149128621,0.644094815179661,0.904059649665569,0.885602207359286,0.90394264430603,0.903484035088295,0.841842503597456,0.844630481239396,0.738218697855387,0.845483542720215,0.878500388441299,0.900172981412794,0.900381759308528,0.894668685185249,0.888084818128722,0.883378287726653,0.909849006677292,0.895270778805045,0.861204481425831,0.860337776483436,0.790730227485643,0.832002260866636,0.822483978837416,0.938551893770502,0.914375344952748,0.916174389081344,0.931143202426365,0.803518419994333,0.829820719308271,0.831671001937402,0.774571613263392,0.845206667021206,0.856688909348793
CD8_Tem_CCR7neg,0.844942510170666,0.785570241454691,0.797217936615453,0.851588007079207,0.956409821330659,0.938141326815834,0.926903216598012,0.948347321458065,0.949661439764611,0.956858219353612,0.941216105291759,0.93525214762146,0.913875913555706,0.723713961164534,0.938140582642762,0.938164555655024,0.919952303709242,0.925290969745851,0.911383827775408,0.910854357856216,0.891394517618619,0.923997227216732,0.931134131323767,0.956618394298422,0.96223649450575,0.859355991005303,0.942744779866168,1.0,0.936503021117943,0.885249992594936,0.761777205103657,0.828918282724943,0.799170657520292,0.785797830982491,0.86041301193749,0.876920914084434,0.95846021440577,0.53919684126012,0.923554645250199,0.92385678140601,0.946492780314523,0.902936452345077,0.805581529072613,0.809950442552045,0.750444078205296,0.875992511123986,0.90003194159611,0.876125800598572,0.863548521294083,0.878634235393947,0.908999472153847,0.866441282288188,0.923405239214889,0.868791395356525,0.811436745277099,0.837785063677814,0.734692870674838,0.774824032131244,0.759447653500318,0.898744991599527,0.952107437132564,0.941928426371936,0.967881824173599,0.744368326309098,0.803903772980298,0.812719737372472,0.728960451210952,0.814900992075173,0.852590300711651
CD8_Tn_CCR7,0.837516866552294,0.758490267422277,0.78810716978713,0.845363511976734,0.889690215545043,0.953162608952457,0.937076383015587,0.94734298547911,0.954885721037988,0.942642331233812,0.934984312207517,0.916917908050452,0.904519673236953,0.725952897528882,0.928596890286848,0.936568025157558,0.975479209035754,0.941642762161579,0.926561786348217,0.943181572201732,0.894367035627987,0.946350659316687,0.924807875696259,0.892039615505035,0.913485783123222,0.845462698761424,0.965195153075764,0.936503021117943,1.0,0.934436686878336,0.757088673390817,0.806045457154724,0.775773836140475,0.785443047990707,0.849506360322156,0.898970467147934,0.922267843410725,0.497788878143838,0.875271335457334,0.847643413245989,0.874784238305402,0.86585049681581,0.778434646220471,0.760842585258595,0.723904224201835,0.785059177333085,0.833438615770997,0.863266106133577,0.855953689858755,0.85769062473801,0.83493626370875,0.857736559412013,0.861909081702763,0.85621799248221,0.805739105687644,0.808666029140446,0.686411306672371,0.752642710269863,0.735314508996934,0.915782743626676,0.885546050154813,0.884026791594468,0.911541509272023,0.708270650678324,0.76287983870117,0.788858009247473,0.683545545326326,0.810014046127415,0.84842486740905
CD8_Tn_SOX4,0.853834795611119,0.789437868664244,0.830859300791909,0.795484386105584,0.87042014510346,0.906603099870393,0.9423602573057,0.898724189790226,0.88794600132789,0.893001564660261,0.890669921861099,0.912060371746862,0.910557418795113,0.788819627809723,0.91629171646428,0.916337016549116,0.91018781268891,0.928661765899615,0.941772918771482,0.952625510767764,0.908463476121605,0.932077485040204,0.899207584782227,0.830976390443018,0.909357912742292,0.816973006827999,0.946493029964687,0.885249992594936,0.934436686878336,1.0,0.88180115574885,0.870789152053686,0.866557966591194,0.865039789998317,0.922358590400818,0.848030190866106,0.894556521319881,0.730482822790153,0.887372726888649,0.902516931418619,0.888048716400015,0.890598110864289,0.860201281966029,0.850907626637002,0.802567379517547,0.87075925107428,0.86874365395782,0.879627727776986,0.890833339267726,0.877266224806137,0.861094607121009,0.876408882953608,0.905146464526675,0.888370796223694,0.904478670568175,0.855671555895495,0.815723634550011,0.858992447820772,0.853445353309254,0.922296304381688,0.890388454768884,0.899557432430273,0.895749101357628,0.853464507113343,0.846001773282191,0.85868195383279,0.803543456797218,0.818918365846008,0.854038420350932
DC1_CLEC9A,0.79644693199577,0.79342106430272,0.759993098360697,0.757560463801525,0.778318802793657,0.78286423242608,0.842749705441003,0.764063657553128,0.7640465057074,0.757297351822348,0.798630406359498,0.8079093684398,0.815187342343815,0.638426825337899,0.817401259688421,0.799283403154105,0.737398046505574,0.816737761622646,0.853220459461012,0.831055232894911,0.772543077058874,0.817891722296136,0.795073533457162,0.696011865009335,0.80350817210385,0.807589490564566,0.81112922501561,0.761777205103657,0.757088673390817,0.88180115574885,1.0,0.624756074080519,0.603271879246786,0.724659356752893,0.692016578967547,0.810716038254122,0.754021447002253,0.396797436137784,0.540489928397953,0.72294128483822,0.720430100537845,0.802481032728873,0.758483957729433,0.693269813411686,0.549487174361823,0.71099783754037,0.826605810770107,0.817040338197995,0.813845684377843,0.784080927490083,0.53725830798612,0.766603905036775,0.564662351223544,0.802949890072587,0.805955871259902,0.565934440761757,0.601254539849854,0.623335788923292,0.587108818782165,0.608014018853063,0.545863165827433,0.550886607288797,0.549821047321411,0.598252491592954,0.561499549822004,0.594266901031657,0.589414109481557,0.562630754073369,0.800139214658238
